g = 9.810;
s = 0.250;
a = 0.400;
b = 0.310;
h = 0.600;
r0= 0.305;

mC= 200;
mK= 35;
mW= 15;

ThetaK=0.6;
ThetaW=0.8;

Ts0=1200;
cs=10000;
ds= 800;
cx=180000;
cz=220000;
dx = 150;